$ 1 0.000005 10.20027730826997 50 5 50 5e-11
R 128 256 80 256 0 2 40 2.5 2.5 0 0.5
R 128 352 80 352 0 2 40 2.5 2.5 0 0.5
w 128 256 192 256 2
w 128 352 192 352 2
r 192 352 192 416 0 5000
r 192 416 192 480 0 10000
w 192 416 560 416 2
g 192 480 192 512 0 0
r 192 256 288 256 0 10000
R 368 144 80 144 0 0 40 12 0 0 0.5
r 368 144 368 208 0 10000
r 448 144 448 208 0 10000
w 368 144 448 144 0
t 336 256 368 256 0 1 -0.6272436925980315 7.2724369224413794e-9 100 default
w 288 256 336 256 0
w 368 208 368 240 0
t 416 240 448 240 0 1 0.598104903544652 0.6272436998704684 100 default
w 448 208 448 224 0
w 368 240 416 240 0
g 368 272 368 320 0 0
g 448 256 448 304 0 0
w 448 224 560 224 2
x 346 118 479 121 4 24 Level\sShifter
x 65 219 98 222 4 12 MCLR
x 63 314 88 317 4 12 VDD
